genomestart 1
trait 1 0 0 0 0 0.37013 0.329326 0.271435 0.52913 
trait 2 0 0 0.745603 0 0 1 0 0 
trait 3 0.1125 0 0.0639028 0 0 0 0.138202 0 
node 1 1 1 3
node 2 3 1 1
node 3 2 1 1
node 4 3 1 1
node 5 1 0 2
node 6 1 0 2
node 21 1 0 0
gene 3 1 5 5.47513 0 1 5.47513 1
gene 2 2 5 -7.36661 0 2 -7.36661 1
gene 1 3 5 2.47181 0 3 2.47181 0
gene 3 4 5 1.79311 0 4 1.79311 1
gene 2 1 6 -2.30006 0 5 -2.30006 1
gene 2 2 6 -1.38315 0 6 -1.38315 1
gene 2 3 6 -3.57251 0 7 -3.57251 1
gene 3 4 6 7.60071 0 8 7.60071 1
gene 1 5 6 -2.04906 0 19 -2.04906 1
gene 2 6 6 -0.487064 1 110 -0.487064 1
gene 1 5 5 -1.25596 1 119 -1.25596 1
gene 1 3 21 1.94338 0 146 1.94338 1
gene 1 21 5 0.546257 0 147 0.546257 1
gene 2 2 21 -0.506139 0 151 -0.506139 1
gene 3 21 21 1.88917 1 177 1.88917 1
gene 2 21 6 1.98364 0 213 1.98364 1
gene 2 4 21 -0.898908 0 253 -0.898908 1
genomeend 1
